1695714283
1695718988
1695719456
1695720338
1695831457
1695831480
1695832098
1697005697
1697409654
1697502138
1699101769
1699147085
1699148025
1699148508
1699148903
1699149495
1699152270
1699161757
1699166487
1699173401
1699183012
1699432839
1699433933
1699438757
1699512899
1699513692
1699521683
1699533284
1699540698
1699665723
1699712827
1699785484
1699934635
1700028322
1700028458
1700028754
1700064419
1700576137
1700811573
1700837814
1700917976
1700971676
1701271817
1701310583
1701313058
1701351083
1702547626
1703856630
1703934439
